3	3	3	
4 6  	3   5	 4  8		
4	4   7  5   9   6   8 	
0.8	4			
8	6 		       	
45		       		
R   	N	4	1	30	500	
R	N       5	2	40	200	
R	V 	6	3	50	150	
R	V       6	4	69	100	
R	G	7	5	30 	250				
R	V       8 	6	20	100
R	N	8	7	65	250
R	N	8	8	45	400
R	V	9	9	50	400
R	N	9	10	30	250	
R	V	9	11	40	400
R	N	9	12	45	230
X	9	10
X	9	7
P	9	12	45				
R	G	10	13	60	250
R	V	11	14	45	90
R	N	11	15	85	520
R	V	12	16	96	200
P	13	15	60
R	N	15	17	20	80
R	V	16	18	80	135
X	16	17
R	G	17	19	40	269
X	18	15
R	V	18	20	20	368
R	N	19	21	30	253
X	21	21
R	N	22	22	45	215
R	N	24	23	35	140
P	24	22	15
R	V	25	24	31	160
R	V	26	25	36	240
R	N	27	26	50	123
P	29	26	54
X	30	23		
R 	G  	30	27       40     300
R 	G	31	28	150	400
R	V 	31	29	100	500
R	V	33	30	150	600
R	N	35	31	185	300
R	N	36	32	90	100
X	37	31
P	38	32	20

