FT	ID	AT	WT	ST
15	4	2	0	13
19	1	1	0	18
28	2	1	0	27
34	20	15	14	5
39	3	2	0	37
47	12	10	10	27
65	8	5	11	49
71	11	8	39	24
74	10	7	33	34
74	15	13	58	3
80	21	15	59	6
87	22	16	64	7
95	24	18	69	8
100	7	4	70	26
103	16	14	81	8
103	23	17	83	3
114	9	6	28	80
116	14	13	52	51
147	5	3	100	44
185	13	10	142	33
195	17	14	176	5
198	18	14	181	3
200	19	15	183	2
................................................
Orders: 23	[Normal:2, Vegan:6, VIP:15]
Cooks: 4	[Normal:2, Vegan:1, VIP:1, injured: 5]
Average wait= 63.1739, Average serve= 22.3043
UrgentOrders: 14,  Auto-promoted: 30.00%