FT	ID	AT	WT	ST
10	1	2	0	8
11	6	7	0	4
14	11	8	0	6
15	4	5	0	10
16	16	10	1	5
17	5	7	0	10
18	3	4	1	13
20	18	14	1	5
23	17	13	7	3
24	2	5	0	19
30	15	10	4	16
30	20	16	0	14
32	27	21	4	7
35	28	22	8	5
36	26	21	2	13
35	22	17	1	18
37	29	23	12	2
39	21	16	1	22
39	23	17	13	9
40	32	24	12	4
42	30	23	9	10
47	7	7	32	8
48	8	8	32	8
48	13	9	4	35
66	14	9	46	11
71	24	19	50	2
72	25	20	51	1
95	9	8	0	87
101	10	8	39	54
................................................
Orders: 29	[Normal:3, Vegan:7, VIP:19]
Cooks: 8	[Normal:3, Vegan:3, VIP:2, injured: 7]
Average wait= 11.3793, Average serve= 14.1034
UrgentOrders: 8,  Auto-promoted: 30.77%