FT	ID	AT	WT	ST
16	3	5	0	11
27	1	3	0	24
30	2	3	0	27
34	4	10	0	24
34	6	13	0	21
37	7	13	7	17
39	5	11	0	28
53	14	23	14	16
56	15	29	15	12
58	11	20	8	30
58	17	36	8	14
69	10	16	17	36
79	21	42	12	25
83	19	41	17	25
99	21	42	7	50
113	8	13	70	30
133	12	22	77	34
142	13	22	101	19
179	16	34	109	36
181	20	41	111	29
................................................
Orders: 20	[Normal:3, Vegan:6, VIP:11]
Cooks: 6	[Normal:3, Vegan:2, VIP:1, injured: 11]
Average wait= 28.65, Average serve= 25.4
UrgentOrders: 6,  Auto-promoted: 40.00%