FT	ID	AT	WT	ST
11	6	8	0	3
13	1	4	0	9
13	5	7	0	6
17	2	5	0	12
18	3	6	0	12
18	14	11	0	7
20	12	9	0	11
24	4	6	0	18
28	7	8	0	20
29	11	9	6	14
32	20	18	6	8
33	18	16	2	15
35	8	8	14	13
35	9	9	0	26
36	22	22	6	8
41	15	11	2	28
44	24	25	6	13
46	26	27	2	17
47	25	26	6	15
50	16	12	6	32
62	13	10	35	17
63	19	17	30	16
64	29	31	4	29
71	30	33	4	34
78	27	30	36	12
89	32	36	3	50
122	28	31	36	55
................................................
Orders: 27	[Normal:3, Vegan:5, VIP:19]
Cooks: 9	[Normal:3, Vegan:3, VIP:3, injured: 15]
Average wait= 7.55556, Average serve= 18.5185
UrgentOrders: 6,  Auto-promoted: 7.14%