FT	ID	AT	WT	ST
10	6	7	0	3
16	1	2	0	14
17	4	5	0	12
27	3	4	1	22
31	11	8	0	23
32	5	7	0	25
32	16	10	7	15
38	13	9	1	28
38	18	14	14	10
43	17	13	25	5
49	26	21	20	8
50	27	21	24	5
52	9	8	0	44
52	20	16	4	32
58	30	23	29	6
58	29	23	32	3
59	28	22	28	9
62	32	24	34	4
67	22	17	15	35
70	8	8	54	8
71	7	7	54	10
73	23	17	33	23
83	2	5	0	78
85	14	9	65	11
89	24	19	69	1
92	21	16	16	60
94	25	20	72	2
115	15	10	25	80
144	10	8	65	71
................................................
Orders: 29	[Normal:3, Vegan:7, VIP:19]
Cooks: 8	[Normal:3, Vegan:3, VIP:2, injured: 13]
Average wait= 23.6897, Average serve= 22.3103
UrgentOrders: 7,  Auto-promoted: 30.77%